  0.00014045747766384  0.00022825014800357  0.00035126086339659  0.00051298977126984
  0.00070853005798249  0.00091637395091131  0.00113303004236855  0.00135821031724189
  0.00159696493165796  0.00176950231313800  0.00192199570581825  0.00209507124383454
  0.00233493694406146  0.00257406198830281  0.00282531529410934  0.00308573863633923
  0.00335752679727055  0.00363978527824450  0.00393131936739041  0.00423597124953117
  0.00455230678711692  0.00488807655828689  0.00525375739968101  0.00564210559005457
  0.00605630401973732  0.00650139017091752  0.00697676658237552  0.00748042589613018
  0.00801969671603366  0.00860421332807199  0.00924527019531923  0.00993996452934006
  0.01068043872600304  0.01145761665169282  0.01228272036685690  0.01316540518025381
  0.01412070484711252  0.01515792307952126  0.01630104884465484  0.01753435435136714
  0.01881690622245360  0.02013570339795388  0.02152737912602379  0.02299559935144586
  0.02452176740174358  0.02612641580493889  0.02777868122686534  0.02948734660075203
  0.03121774490591472  0.03303487682337313  0.03490313867577183  0.03676455455078916
  0.03867226070671105  0.04058308579092105  0.04259965050459481  0.04471865109088866
  0.04678711857914430  0.04877683561873828  0.05081736900607499  0.05309283658192853
  0.05533680354798481  0.05767474765733926  0.06017369395911094  0.06285475640402050
  0.06566399294621621  0.06880455349971307  0.07141050750582467  0.07397451796922361
  0.07676066305396612  0.07980534523172142  0.08305572125430008  0.08629499810127239
  0.08943217168686506  0.09277830184298655  0.09625913047274390  0.10011258600917053
  0.10414084168925039  0.10764010714545062  0.11203420176803067  0.11719755656936931
  0.12170201641116822  0.12585839912641497  0.12979063212916259  0.13341489675531834
  0.13710770453721566  0.14103985426115240  0.14597702132770335  0.15191943919188147
  0.15928936948896202  0.16856492410483817  0.17923633663072247  0.19202527277048650
  0.21919787792782819  0.34339943388192773  0.61634977978087302  1.00000000000000000
 -0.00223090580779001  0.01071518285596517  0.02116597227607531  0.03141706321279765
  0.04188937897702028  0.05292656285394506  0.06458468268514496  0.07598601211555413
  0.08714610814786378  0.09812969723295303  0.10900510856671787  0.11999907364354889
  0.13007807347162559  0.13988368959966074  0.14985066958693935  0.15981335612471784
  0.16973375819746467  0.17954353702726575  0.18930513559492174  0.19959310075221937
  0.20964483696602398  0.21976454516015606  0.22991801563086095  0.24076796763436492
  0.25170203207226044  0.26328928615527486  0.27424594321870105  0.28436801806894407
  0.29511618426647895  0.30587656893226395  0.31660155927954509  0.32694368118372796
  0.33730540968224010  0.34802876499029012  0.35807957272068219  0.36841155050418245
  0.37893184470395314  0.38992919101645701  0.40041357265381844  0.41007883322175898
  0.41968534364227977  0.42900176342308244  0.43820656562781352  0.44752778744924665
  0.45752095478046451  0.46870923937816855  0.48001152876640268  0.49052563144193800
  0.50055339148285516  0.51019496529439201  0.52005815749973239  0.53019069530026153
  0.54043000052513512  0.55061522056953849  0.56105518637726137  0.57187808608979684
  0.58261693032382766  0.59332037432858198  0.60412585966950183  0.61569612514955796
  0.62699393218940269  0.63823239596660675  0.64934059807085165  0.66050289243748894
  0.67145276728972259  0.68238906557179480  0.69305337312961024  0.70404079003472197
  0.71490442269280630  0.72572142356370217  0.73629130094419704  0.74699344028308101
  0.75728544545124665  0.76748165773813060  0.77735061724464283  0.78744705446272945
  0.79739249834002479  0.80711378704129455  0.81724676669629193  0.82728453059672302
  0.83807453334592830  0.84890591672220195  0.85902484158053005  0.86894376599623091
  0.87913210123524810  0.89000132553521860  0.90068232065671949  0.91104623268423035
  0.92111911418613801  0.93176242913264762  0.94196336795540481  0.95249628870375103
  0.96363643325073045  0.97567731207860808  0.98791825525803767  1.00000000000000000
  0.01377059525127652  0.04533207801930791  0.06638062490981635  0.08451458090957577
  0.10132536259834463  0.11750285687894427  0.13272257750025401  0.14696584565648854
  0.16052650863802642  0.17316667811593400  0.18534150865911578  0.19722365106318526
  0.20894766189416891  0.22048187121400412  0.23194316893084327  0.24339150069916066
  0.25453217799491284  0.26550371206513840  0.27612857191366175  0.28658895226184683
  0.29700524777857773  0.30743317384415925  0.31795514070949860  0.32831654933746729
  0.33878845914224653  0.34940223590149255  0.35988909544067643  0.37031252959037186
  0.38078615383723530  0.39105255738500283  0.40087926421238362  0.41002286935218973
  0.41921962395425882  0.42852495058128981  0.43788845146239058  0.44717810533337360
  0.45635548988740393  0.46561538352813231  0.47488014621972569  0.48361530773908135
  0.49203217593596410  0.50043618445197435  0.50876102831286185  0.51704661580065203
  0.52537300287675193  0.53387178972504490  0.54255461869761146  0.55128244670754412
  0.55972677699852424  0.56780600733688880  0.57581274132130655  0.58397147857286380
  0.59184982793906793  0.59976694199666269  0.60769381806091194  0.61562200282418744
  0.62342452410523852  0.63089977126286667  0.63820656549884103  0.64571173322685016
  0.65328594522221139  0.66128477766073046  0.66911435836197330  0.67730546037764872
  0.68525993229548521  0.69401098956107055  0.70299520615616273  0.71185673585222553
  0.72060625581870963  0.72921981937877289  0.73767528551495642  0.74596184949748134
  0.75420193764206822  0.76251943947826017  0.77095729353373854  0.77936504411128960
  0.78789271301579189  0.79543317755820642  0.80341176047700191  0.81125152153455982
  0.81904947636638836  0.82673659791541254  0.83443448348293969  0.84229037557827491
  0.85073465717094010  0.85958959502076149  0.86833601766830304  0.87669627517224546
  0.88512863474212189  0.89355652465452851  0.90301390950980998  0.91342052856321454
  0.92613241621109366  0.94246920036086168  0.96537048581019758  1.00000000000000000
 -0.02442428960385971  0.14993228241382814  0.20084441937467681  0.23594346833183613
  0.26445806179935655  0.28779047307776540  0.30865639898410846  0.32809450876475049
  0.34628439375717807  0.36276557071783444  0.37792724103901121  0.39185531305132754
  0.40478828041462905  0.41718612366485130  0.42917442509112136  0.44083543578021961
  0.45204947536253243  0.46297862540065199  0.47375303708302285  0.48439194278032904
  0.49492418910101088  0.50516637884110860  0.51512842236195122  0.52499299581351899
  0.53486474943242013  0.54459202132051565  0.55396236981803904  0.56293118286709454
  0.57151021008852110  0.58002950736328596  0.58835451248333526  0.59653766204787018
  0.60465925608826820  0.61243515904066181  0.61987392109909667  0.62702130484310270
  0.63414127085692507  0.64146082214477185  0.64861681076097200  0.65581304838458909
  0.66300645802422586  0.67014179036014387  0.67715350636984661  0.68410022747840593
  0.69090949637412724  0.69736900323272277  0.70381010472091421  0.71008420345918655
  0.71641263394059362  0.72262853741216715  0.72886663441978305  0.73499864326156661
  0.74127414606924968  0.74745462336613699  0.75364773095937387  0.75995371751845187
  0.76630156386371617  0.77278130299085468  0.77936379643549047  0.78593777859008773
  0.79247923307626678  0.79893447630541770  0.80534320773867663  0.81172994490327766
  0.81812303533620112  0.82450588056267060  0.83080666760050781  0.83709764137686049
  0.84317679763295916  0.84913190550060613  0.85513554368042644  0.86110115905515816
  0.86727773572825684  0.87335746312530294  0.87927546568028780  0.88510811019855207
  0.89076438350103360  0.89641541006660008  0.90221069646730145  0.90813465973850593
  0.91409924440006918  0.92006825346908472  0.92608334089067690  0.93209040069475990
  0.93786611665713293  0.94361297546575007  0.94925005534904949  0.95492473478763096
  0.96053763874607345  0.96596988851142851  0.97146865495162471  0.97697383156002082
  0.98259960108523381  0.98819647645422892  0.99404438543810136  1.00000000000000000
   8.8207917936847655E-007  -1.0000000000000000     
 F F F F F F F F F F F F F F F F F F F F F F F F F F F F F F F F F F F F F F F F F F F F F F F F F F F F F F F F F F F F F F F F F F F F F F F F
  <DiscreteSampler_grid>
  grouped_processes
  1 # 1 for a reference and 2 for a running grid.
  10 # Attribute 'min_bin_probing_points' of the grid.
  1 # Attribute 'grid_mode' of the grid. 1=='default',2=='initialization'
  0.0000000000000000 # Attribute 'small_contrib_threshold' of the grid.
  0.5000000000000000 # Attribute 'damping_power' of the grid.
 # binID   n_entries weight   weight_sqr   abs_weight
    10   10   2.014682352144299E+008   1.099095704262450E+017   2.014682352144299E+008
    16   10   2.014682352144299E+008   1.099095704262450E+017   2.014682352144299E+008
  </DiscreteSampler_grid>
