 -0.00031338496513208  0.00237103037708831  0.00410087297058832  0.00600641578432648
  0.00830269357476288  0.01102408233075370  0.01433173464364198  0.01796100374484499
  0.02206350194396394  0.02661857728756105  0.03146129522986094  0.03658705630677756
  0.04206384197388939  0.04747932326373626  0.05262570437958632  0.05787824843500843
  0.06280111700535587  0.06731645462476589  0.07194296612386528  0.07670696596631202
  0.08113444437475245  0.08527405270950555  0.08951022711926479  0.09381689602003986
  0.09831327763983307  0.10312614337176873  0.10762082749504774  0.11202617541217300
  0.11651596112979208  0.12066342145867570  0.12442524266777855  0.12836218000880811
  0.13244020532655862  0.13645137858091738  0.14038091955485327  0.14503603303436555
  0.14979814870648900  0.15438942602304576  0.15875123335001937  0.16294703289890577
  0.16740353918709766  0.17162338954495118  0.17556285130043453  0.17922958084071144
  0.18288665532652471  0.18770635418143780  0.19258040377521987  0.19722071597570676
  0.20140870686871404  0.20565810378828303  0.21013565449321514  0.21519763170480641
  0.22036800089417793  0.22491292372608249  0.22939171982567347  0.23626251909491081
  0.24317421142227444  0.24994178678665024  0.25597397959963741  0.25967156531720692
  0.26384993731627954  0.26829546861142406  0.27297386539855589  0.27750434806983931
  0.28271899409962153  0.28950532956527325  0.29782854365495304  0.30639015908941947
  0.31523098856178067  0.32578861595017095  0.33862969153793471  0.34706754996231282
  0.35262125721684362  0.35894127371215495  0.36477904242552450  0.37023088661490172
  0.37576953432887733  0.38276171077923637  0.38999354999703389  0.39567659779783437
  0.40172190995094237  0.40716501332302873  0.41270271507394052  0.41984163384497414
  0.42912387085607179  0.44155546447633431  0.45502178160121154  0.46952278278047893
  0.48134896470483990  0.49700291227597054  0.53753181624983570  0.57383486209165457
  0.58207934695824237  0.63488885406163120  0.72244862403448473  1.00000000000000000
 -0.00286952800675273  0.01122158053734327  0.02395402951380095  0.03592096902832863
  0.04640250421034660  0.05595960012363183  0.06516018663187575  0.07438030111212870
  0.08351967991895609  0.09247741211968619  0.10152341626007132  0.11155224290340267
  0.12345974341765001  0.13663660086943427  0.15010550708284864  0.16248139552692870
  0.17234183211411452  0.18170408975397909  0.19100590593617384  0.20002765910316497
  0.20839126027303331  0.21636834163352830  0.22427733446093998  0.23315170705670346
  0.24284801890288765  0.25264584171560900  0.26279595262866440  0.27327195992837117
  0.28346872174541599  0.29403536069140118  0.30482129556804871  0.31592729314847229
  0.32730928659025776  0.33886535404318663  0.35097009604273116  0.36243411304000056
  0.37352436744889772  0.38488163375614404  0.39653101063198898  0.40495657688477815
  0.41288965958284030  0.42065913225225687  0.42897459782161601  0.43822929713949205
  0.44704069974650212  0.45582721815263338  0.46715251307298528  0.48049704957259159
  0.49362528718367615  0.50657829267700383  0.51954558842286636  0.53388417230585206
  0.54751306195528004  0.56023314189178453  0.57356262553524962  0.58615127525117305
  0.59407472189886867  0.60250813681468307  0.61060561659104384  0.61842099080927537
  0.62626592569571149  0.63452982010326942  0.64257148613088155  0.65131406651441737
  0.65942972313365444  0.66775060916294682  0.67685204153153966  0.68696017667564957
  0.70068790081483834  0.71169897899451351  0.72228387244964709  0.73250538190883185
  0.74362519095369684  0.75621001921531961  0.76809721926241858  0.77780291961772574
  0.78672150620781822  0.79639478339908087  0.80586813853552819  0.81484737349452341
  0.82289139439658954  0.83116325803321089  0.84235438168875998  0.85601564971260913
  0.86909427874511413  0.88054118337672882  0.89218839070588574  0.90367389305932699
  0.91416475456362278  0.92625320988319626  0.93828646047902864  0.95005850904168587
  0.96216809037907147  0.97463650660060497  0.98732464596018110  1.00000000000000000
 -0.00077702315117333  0.19532191692075929  0.30764077101238602  0.39502412664093373
  0.46288836547009504  0.51680457714361250  0.56185321528457022  0.59997168607506735
  0.63017991668498063  0.65611207287462914  0.67870485409649606  0.69942930526385849
  0.71883004688850205  0.73607916950211538  0.75099645175243135  0.76419161192157281
  0.77631153315422596  0.78720675440495713  0.79741102571821421  0.80673421124096034
  0.81532669586221063  0.82324027717483661  0.83074897672961101  0.83774556440774262
  0.84430865427090429  0.85049005077934015  0.85633132034438808  0.86159633852877893
  0.86643605553270642  0.87104135918546022  0.87552122559077217  0.87940265747761948
  0.88328599159199572  0.88708446261326812  0.89077809755093773  0.89429387732171939
  0.89767009351497284  0.90096555343229190  0.90414199197505207  0.90714305098579151
  0.91004927683894477  0.91282476475600305  0.91554131370213032  0.91791884239870181
  0.92006754370892063  0.92208870061173120  0.92403476716095445  0.92591712070268339
  0.92781322555588974  0.92963885017286396  0.93145610425497105  0.93326088517674677
  0.93501664819338270  0.93671294219888868  0.93833644220026469  0.93964090481089479
  0.94101280353595373  0.94234750787598076  0.94367086121116006  0.94499041407889828
  0.94631871380563659  0.94767804573604220  0.94905626058763004  0.95042681445180299
  0.95176999295472531  0.95308537203981847  0.95437449495478344  0.95562135827545969
  0.95682108266977317  0.95798281371123617  0.95913433894084321  0.96029456805934554
  0.96146642330285703  0.96258822514519737  0.96368773813915198  0.96478631491529154
  0.96589992232270572  0.96705629522466685  0.96825885636839759  0.96944353550190587
  0.97061696695429978  0.97179177958925433  0.97300500215489694  0.97418293510502740
  0.97537150870222611  0.97659922672283117  0.97805423341451514  0.97950845460812797
  0.98101495249585358  0.98253985221226170  0.98403665024230702  0.98562429016548947
  0.98742325072351023  0.99000430116738625  0.99367063008282697  1.00000000000000000
 -0.02962645938596666  0.19181238563709621  0.25193915722875354  0.29017435380254697
  0.32339596473552401  0.35116248375738085  0.37537014652794259  0.39819606489444448
  0.41858453582901267  0.43267514428873677  0.44571075962240270  0.45868990449255703
  0.47259767816530468  0.48740445274179051  0.50088689710918788  0.51321659826053956
  0.52593350341008771  0.53945616372481120  0.54934459253359436  0.55834920232562646
  0.56685724559451101  0.57544031834256593  0.58399600372487304  0.59243016393143200
  0.60076323099932294  0.60906312876896918  0.61727329236836670  0.62507509602818678
  0.63221910703499351  0.63924669229328746  0.64630394361871757  0.65295554727287319
  0.65968367668543104  0.66662846298571954  0.67404388570313734  0.68060611544339500
  0.68726218237095338  0.69452872941349986  0.70177634356022345  0.70899422465454309
  0.71685411964387391  0.72545019637120622  0.73375871330828080  0.74090462307259963
  0.74729444927008015  0.75280205064248740  0.75797425540831787  0.76344493631841981
  0.76921078157838763  0.77513884863365401  0.78143652381064688  0.78726712611523986
  0.79330927945528007  0.79914807186610526  0.80491758443130823  0.81019877362064185
  0.81561642356182373  0.82127690617363713  0.82687063076445755  0.83267720954480695
  0.83851991237370493  0.84456964561037939  0.85087854290886256  0.85673738032803126
  0.86108809534158448  0.86507800072262475  0.86868815699804991  0.87209645924250001
  0.87561684447981003  0.87915470934524886  0.88253969125111997  0.88605219015220849
  0.88965329120091274  0.89343710902609230  0.89714517801922933  0.90084116163282291
  0.90477988646618179  0.90871600386327189  0.91226295829447634  0.91584392141891813
  0.92002097503420865  0.92491231756115333  0.92998128609088393  0.93494734733000884
  0.94001632894285059  0.94506202836584641  0.95006111220312650  0.95511272748866394
  0.96033420947536074  0.96567924047332609  0.97088284885786547  0.97631929539965800
  0.98182102866098386  0.98752823718763316  0.99359074098398992  1.00000000000000000
   3.2997164231188415E-003  -1.0000000000000000     
 F F F F F F F F F F F F F F F F F F F F F F F F F F F F F F F F F F F F F F F F F F F F F F F F F F F F F F F F F F F F F F F F F F F F F F F F
  <DiscreteSampler_grid>
  grouped_processes
  1 # 1 for a reference and 2 for a running grid.
  10 # Attribute 'min_bin_probing_points' of the grid.
  1 # Attribute 'grid_mode' of the grid. 1=='default',2=='initialization'
  0.0000000000000000 # Attribute 'small_contrib_threshold' of the grid.
  0.5000000000000000 # Attribute 'damping_power' of the grid.
 # binID   n_entries weight   weight_sqr   abs_weight
    10   10   1.772767450310114E+011   1.465613547226431E+023   1.772767450310114E+011
    16   10   1.772767450310114E+011   1.465613547226431E+023   1.772767450310114E+011
  </DiscreteSampler_grid>
